95.566
100.762
105.608
110.121
114.318
118.218
121.834
125.182
128.277
131.131
133.758
136.171
138.38
140.397
142.233
143.897
145.399
146.749
147.955
149.025
149.967
150.788
151.496
152.098
152.599
153.005
153.324
153.559
153.717
153.802
153.819
153.772
153.665
153.503
153.29
153.028
152.721
152.373
151.987
151.565
151.111
150.626
150.113
149.575
149.014
148.431
147.83
147.211
146.576
145.928
145.267
144.595
143.914
143.224
142.527
141.824
141.117
140.405
139.691
138.975
138.257
137.539
136.822
136.105
135.391
134.678
133.968
133.262
132.559
131.861
131.167
130.479
129.795
129.118
128.446
127.781
127.122
126.47
125.824
125.186
124.555
123.932
123.316
122.707
122.107
121.514
120.929
120.352
119.783
119.222
118.669
118.124
117.588
117.059
116.538
116.026
115.521
115.024
114.536
114.055
113.582
113.117
112.66
112.21
111.769
111.334
110.907
110.488
110.076
109.671
109.273
108.883
108.5
108.123
107.753
107.391
107.034
106.685
106.342
106.005
105.675
105.351
105.033
104.721
104.415
104.115
103.821
103.533
103.25
102.972
102.701
102.434
102.173
101.916
101.665
101.419
101.178
100.942
100.71
100.483
100.261
100.043
99.8292
99.62
99.4151
99.2143
99.0177
98.8251
98.6364
98.4516
98.2707
98.0934
97.9198
97.7498
97.5834
97.4203
97.2607
97.1044
96.9514
96.8016
96.6549
96.5112
96.3706
96.233
96.0982
95.9663
95.8371
95.7107
95.587
95.4659
95.3473
95.2313
95.1177
95.0065
94.8977
94.7912
94.687
94.585
94.4852
